       1   -0.12330247    0.11641905    0.22622256    0.21221844    0.20971395    0.21339984   -0.15030084   -0.35323736   -0.12625028   -0.09635473    0.14466042    0.30330410    0.20686521   -0.26481465    0.16019022
    0.12482564   -0.32978425   -0.15030084    0.21339984   -0.28481186   -0.08887525   -0.12736544   -0.22024552    0.12330247
       2    0.12330247   -0.20004812   -0.15719667   -0.29805815    0.01333964   -0.21339984   -0.15030084    0.35323736    0.12625028    0.09635473   -0.33124822   -0.05652109    0.33563054    0.01649718    0.16019022
    0.12482564   -0.32978425    0.15030084    0.21339984   -0.25866505    0.14869095   -0.20751134   -0.14720423    0.12330247
       3    0.20654777   -0.05774089   -0.34373242   -0.05743551   -0.36463794   -0.11506282    0.33281411   -0.00000000    0.00000000    0.00000000    0.25324893   -0.10701711   -0.22409112   -0.15928230    0.00000000
   -0.00000000   -0.00000000   -0.33281411    0.11506282   -0.21843209   -0.29756863   -0.07451647   -0.34048976    0.20654777
       4    0.12330247    0.13770496   -0.21393314    0.28772683   -0.07892959   -0.21339984   -0.15030084   -0.04845399   -0.36098156    0.13169860   -0.19033885    0.27693165    0.12590361    0.31155785    0.27762915
   -0.12642944    0.23861612    0.15030084    0.21339984    0.21937416   -0.20221668    0.12705549   -0.22042447    0.12330247
       5   -0.12330247   -0.03611225    0.25184509   -0.13747661    0.26479575    0.21339984   -0.15030084    0.04845399    0.36098156   -0.13169860   -0.11667541   -0.31512992   -0.18210225    0.28241598    0.27762915
   -0.12642944    0.23861612   -0.15030084    0.21339984    0.00056238   -0.29835598    0.02372693   -0.25331221    0.12330247
       6   -0.30593739    0.04754999    0.28306582    0.02147017    0.13630658   -0.24969627   -0.10354107    0.30478337   -0.23473128    0.22805333   -0.16453402    0.06952825   -0.14559040   -0.10348457   -0.43781937
    0.00160380    0.09116813   -0.10354107   -0.24969627   -0.08165286   -0.11123517   -0.06136479   -0.28039548    0.30593739
       7    0.30593739   -0.26891719   -0.10035341   -0.10730988    0.08674700    0.24969627   -0.10354107   -0.38133769    0.12353177    0.19829642   -0.02205378    0.17725476   -0.01682507    0.17782727   -0.15977738
    0.26244235    0.32495415    0.10354107   -0.24969627   -0.05550605    0.12633104   -0.27351200   -0.08705427    0.30593739
       8   -0.20654777    0.32655145    0.12186113    0.28706797   -0.23205959    0.11506282    0.33281411   -0.00000000    0.00000000    0.00000000    0.03394493   -0.27282856   -0.02589696    0.27370975    0.00000000
    0.00000000   -0.00000000    0.33281411    0.11506282   -0.14848595    0.33795205   -0.33213102   -0.10571172    0.20654777
       9    0.12330247   -0.25412401   -0.01228942   -0.07550838    0.28864353   -0.21339984   -0.15030084    0.02810033   -0.24978205   -0.29465114    0.33499927    0.02637245   -0.33276882   -0.04674320   -0.00041284
   -0.38726799    0.00483010    0.15030084    0.21339984    0.06543770    0.29109193   -0.25442094    0.00017895    0.12330247
      10   -0.12330247    0.23616037   -0.09464842   -0.16058154   -0.25145611    0.21339984   -0.15030084   -0.02810033    0.24978205    0.29465114   -0.21457281    0.25860883   -0.15352829   -0.29891317   -0.00041284
   -0.38726799    0.00483010   -0.15030084    0.21339984    0.25810266    0.14966503   -0.23123828    0.10610798    0.12330247
      11   -0.30593739    0.22136720   -0.18271241   -0.12878005   -0.04955958   -0.24969627   -0.10354107    0.07655431    0.11119951   -0.42634975    0.14248024    0.10772652    0.16241547   -0.07434270    0.27804199
    0.26083855    0.23378602   -0.10354107   -0.24969627    0.13715891   -0.01509587   -0.21214721    0.19334120    0.30593739
      12    0.20654777   -0.26881056    0.22187128    0.34450348    0.13257836   -0.11506282    0.33281411   -0.00000000   -0.00000000    0.00000000   -0.21930400   -0.16581145    0.24998808   -0.11442745   -0.00000000
   -0.00000000    0.00000000   -0.33281411    0.11506282    0.36691804   -0.04038342   -0.25761455    0.23477804    0.20654777
      13   -0.12330247    0.13770496   -0.21393314   -0.28772683    0.07892959    0.21339984   -0.15030084   -0.04845399   -0.36098156    0.13169860    0.19033885   -0.27693165    0.12590361    0.31155785   -0.27762915
    0.12642944   -0.23861612   -0.15030084    0.21339984    0.21937416   -0.20221668   -0.12705549    0.22042447    0.12330247
      14    0.12330247   -0.03611225    0.25184509    0.13747661   -0.26479575   -0.21339984   -0.15030084    0.04845399    0.36098156   -0.13169860    0.11667541    0.31512992   -0.18210225    0.28241598   -0.27762915
    0.12642944   -0.23861612    0.15030084    0.21339984    0.00056238   -0.29835598   -0.02372693    0.25331221    0.12330247
      15    0.30593739    0.04754999    0.28306582   -0.02147017   -0.13630658    0.24969627   -0.10354107    0.30478337   -0.23473128    0.22805333    0.16453402   -0.06952825   -0.14559040   -0.10348457    0.43781937
   -0.00160380   -0.09116813    0.10354107   -0.24969627   -0.08165286   -0.11123517    0.06136479    0.28039548    0.30593739
      16   -0.20654777   -0.05774089   -0.34373242    0.05743551    0.36463794    0.11506282    0.33281411   -0.00000000   -0.00000000   -0.00000000   -0.25324893    0.10701711   -0.22409112   -0.15928230   -0.00000000
    0.00000000    0.00000000    0.33281411    0.11506282   -0.21843209   -0.29756863    0.07451647    0.34048976    0.20654777
      17    0.12330247    0.11641905    0.22622256   -0.21221844   -0.20971395   -0.21339984   -0.15030084   -0.35323736   -0.12625028   -0.09635473   -0.14466042   -0.30330410    0.20686521   -0.26481465   -0.16019022
   -0.12482564    0.32978425    0.15030084    0.21339984   -0.28481186   -0.08887525    0.12736544    0.22024552    0.12330247
      18   -0.12330247   -0.20004812   -0.15719667    0.29805815   -0.01333964    0.21339984   -0.15030084    0.35323736    0.12625028    0.09635473    0.33124822    0.05652109    0.33563054    0.01649718   -0.16019022
   -0.12482564    0.32978425   -0.15030084    0.21339984   -0.25866505    0.14869095    0.20751134    0.14720423    0.12330247
      19    0.20654777    0.32655145    0.12186113   -0.28706797    0.23205959   -0.11506282    0.33281411   -0.00000000    0.00000000    0.00000000   -0.03394493    0.27282856   -0.02589696    0.27370975    0.00000000
   -0.00000000   -0.00000000   -0.33281411    0.11506282   -0.14848595    0.33795205    0.33213102    0.10571172    0.20654777
      20   -0.30593739   -0.26891719   -0.10035341    0.10730988   -0.08674700   -0.24969627   -0.10354107   -0.38133769    0.12353177    0.19829642    0.02205378   -0.17725476   -0.01682507    0.17782727    0.15977738
   -0.26244235   -0.32495415   -0.10354107   -0.24969627   -0.05550605    0.12633104    0.27351200    0.08705427    0.30593739
      21   -0.20654777   -0.26881056    0.22187128   -0.34450348   -0.13257836    0.11506282    0.33281411   -0.00000000    0.00000000    0.00000000    0.21930400    0.16581145    0.24998808   -0.11442745   -0.00000000
    0.00000000   -0.00000000    0.33281411    0.11506282    0.36691804   -0.04038342    0.25761455   -0.23477804    0.20654777
      22    0.30593739    0.22136720   -0.18271241    0.12878005    0.04955958    0.24969627   -0.10354107    0.07655431    0.11119951   -0.42634975   -0.14248024   -0.10772652    0.16241547   -0.07434270   -0.27804199
   -0.26083855   -0.23378602    0.10354107   -0.24969627    0.13715891   -0.01509587    0.21214721   -0.19334120    0.30593739
      23    0.12330247    0.23616037   -0.09464842    0.16058154    0.25145611   -0.21339984   -0.15030084   -0.02810033    0.24978205    0.29465114    0.21457281   -0.25860883   -0.15352829   -0.29891317    0.00041284
    0.38726799   -0.00483010    0.15030084    0.21339984    0.25810266    0.14966503    0.23123828   -0.10610798    0.12330247
      24   -0.12330247   -0.25412401   -0.01228942    0.07550838   -0.28864353    0.21339984   -0.15030084    0.02810033   -0.24978205   -0.29465114   -0.33499927   -0.02637245   -0.33276882   -0.04674320    0.00041284
    0.38726799   -0.00483010   -0.15030084    0.21339984    0.06543770    0.29109193    0.25442094   -0.00017895    0.12330247
