       1    0.08354044    0.08712564   -0.01342135    0.02797249    0.00000000   -0.27241544   -0.09698191   -0.16725930    0.01100494   -0.05423510    0.21611779    0.19970749   -0.14591239   -0.07626597    0.14661251
    0.12946896    0.05696902   -0.15787892   -0.01929573   -0.28844172   -0.00062535   -0.06925014   -0.13872889   -0.24361479   -0.00000266    0.21320072   -0.24361479    0.13872889   -0.06925014   -0.00975921
    0.01924221    0.11535336   -0.00117641    0.06141005   -0.16734627    0.32318841   -0.07626597   -0.14591239   -0.19970749   -0.21611779   -0.00039463   -0.05533895   -0.16725930   -0.09698191    0.27241544
   -0.00000499   -0.02797249    0.01342135    0.08712564   -0.08354044
       2   -0.06745853   -0.06873656   -0.02286315   -0.06708009    0.00000000    0.22360680    0.10058518    0.09520592   -0.04446629    0.21914093   -0.23350489   -0.23009507    0.01099803   -0.07503470    0.08130021
    0.15703338   -0.15388372    0.14735020    0.00355171    0.34710162    0.05335137    0.16935081    0.15456947    0.02701427   -0.00000000    0.00000000   -0.02701427    0.15456947   -0.16935081    0.05605728
    0.28319889   -0.02810729    0.00591360   -0.16426108   -0.14494081    0.26046389    0.07503470   -0.01099803   -0.23009507   -0.23350489   -0.00159454   -0.22360111   -0.09520592   -0.10058518    0.22360680
   -0.00000410   -0.06708009   -0.02286315    0.06873656   -0.06745853
       3    0.09639765    0.09526942    0.06643192    0.12041917   -0.00000000   -0.20810688   -0.10584982    0.00293970    0.05762263   -0.28397867    0.13999129    0.15112926    0.12949129    0.16488286   -0.22791272
   -0.28650234    0.09691469    0.01052872    0.01574401   -0.05865990   -0.05272601   -0.07829144    0.03110135    0.24086431    0.00000266   -0.21320072    0.24086431   -0.03110135   -0.07829144    0.06581649
    0.26395669   -0.14346065    0.00709001   -0.22567113    0.02240547   -0.06272452    0.16488286    0.12949129   -0.15112926   -0.13999129   -0.00206633   -0.28975849    0.00293970   -0.10584982    0.20810688
   -0.00000381   -0.12041917   -0.06643192    0.09526942   -0.09639765
       4   -0.18967142   -0.18406447   -0.13116612   -0.19930598    0.00000000   -0.22360680    0.11286279   -0.10027967    0.04446629   -0.21914093    0.02000971   -0.00033881   -0.20434076   -0.11969398   -0.14661251
   -0.12946896   -0.05696902    0.15787892    0.01929573    0.28844172    0.00062535   -0.10114186   -0.17622551   -0.05153808   -0.00000000   -0.00000000    0.05153808   -0.17622551    0.10114186   -0.00975921
    0.01924221    0.11535336   -0.00117641    0.06141005   -0.16734627    0.32318841    0.11969398    0.20434076   -0.00033881    0.02000971    0.00159454    0.22360111    0.10027967   -0.11286279   -0.22360680
    0.00000410   -0.19930598   -0.13116612    0.18406447   -0.18967142
       5   -0.18967142   -0.18406447   -0.13116612   -0.19930598    0.00000000    0.22360680    0.11286279   -0.10027967   -0.04446629    0.21914093    0.02000971   -0.00033881   -0.20434076   -0.11969398    0.14661251
    0.12946896    0.05696902   -0.15787892   -0.01929573   -0.28844172   -0.00062535   -0.10114186   -0.17622551   -0.05153808    0.00000000    0.00000000    0.05153808   -0.17622551    0.10114186    0.00975921
   -0.01924221   -0.11535336    0.00117641   -0.06141005    0.16734627   -0.32318841    0.11969398    0.20434076   -0.00033881    0.02000971   -0.00159454   -0.22360111    0.10027967   -0.11286279    0.22360680
   -0.00000410   -0.19930598   -0.13116612    0.18406447   -0.18967142
       6    0.09639765    0.09526942    0.06643192    0.12041917   -0.00000000    0.20810688   -0.10584982    0.00293970   -0.05762263    0.28397867    0.13999129    0.15112926    0.12949129    0.16488286    0.18985737
   -0.00715411   -0.21648175    0.15411751   -0.02059256   -0.20583699    0.02221535   -0.07829144    0.03110135    0.24086431   -0.00000266    0.21320072    0.24086431   -0.03110135   -0.07829144    0.03251734
   -0.09849521    0.18405692    0.00269498   -0.04020114    0.23186039    0.22356594    0.16488286    0.12949129   -0.15112926   -0.13999129    0.00206633    0.28975849    0.00293970   -0.10584982   -0.20810688
    0.00000381   -0.12041917   -0.06643192    0.09526942   -0.09639765
       7   -0.06745853   -0.06873656   -0.02286315   -0.06708009    0.00000000   -0.22360680    0.10058518    0.09520592    0.04446629   -0.21914093   -0.23350489   -0.23009507    0.01099803   -0.07503470   -0.04324486
    0.13662307    0.27345078   -0.31199643    0.00129684   -0.08260472   -0.02284070    0.16935081    0.15456947    0.02701427    0.00000000   -0.00000000   -0.02701427    0.15456947   -0.16935081    0.04227655
   -0.11773742    0.06870357    0.00387139   -0.10161119    0.39920666   -0.09962246    0.07503470   -0.01099803   -0.23009507   -0.23350489    0.00159454    0.22360111   -0.09520592   -0.10058518   -0.22360680
    0.00000410   -0.06708009   -0.02286315    0.06873656   -0.06745853
       8    0.08354044    0.08712564   -0.01342135    0.02797249    0.00000000    0.27241544   -0.09698191   -0.16725930   -0.01100494    0.05423510    0.21611779    0.19970749   -0.14591239   -0.07626597   -0.14661251
   -0.12946896   -0.05696902    0.15787892    0.01929573    0.28844172    0.00062535   -0.06925014   -0.13872889   -0.24361479    0.00000266   -0.21320072   -0.24361479    0.13872889   -0.06925014    0.00975921
   -0.01924221   -0.11535336    0.00117641   -0.06141005    0.16734627   -0.32318841   -0.07626597   -0.14591239   -0.19970749   -0.21611779    0.00039463    0.05533895   -0.16725930   -0.09698191   -0.27241544
    0.00000499   -0.02797249    0.01342135    0.08712564   -0.08354044
       9    0.21853525    0.22418787   -0.00714092    0.06867478   -0.00000000    0.27241544   -0.13401716   -0.10914518   -0.01100494    0.05423510   -0.15011923   -0.15485512   -0.04139713    0.06831040   -0.04324486
    0.13662307    0.27345078   -0.31199643    0.00129684   -0.08260472   -0.02284070   -0.08324838   -0.03573131    0.07898549    0.00000266   -0.21320072    0.07898549    0.03573131   -0.08324838   -0.04227655
    0.11773742   -0.06870357   -0.00387139    0.10161119   -0.39920666    0.09962246    0.06831040   -0.04139713    0.15485512    0.15011923    0.00039463    0.05533895   -0.10914518   -0.13401716   -0.27241544
    0.00000499   -0.06867478    0.00714092    0.22418787   -0.21853525
      10   -0.15537626   -0.16245464    0.05398194    0.00520055   -0.00000000   -0.36180340    0.09498049    0.19347338   -0.02748168    0.13543655   -0.09608782   -0.07440833    0.20686295    0.16510574    0.18985737
   -0.00715411   -0.21648175    0.15411751   -0.02059256   -0.20583699    0.02221535   -0.10901881   -0.05797181   -0.00221042   -0.00000000    0.00000000    0.00221042   -0.05797181    0.10901881   -0.03251734
    0.09849521   -0.18405692   -0.00269498    0.04020114   -0.23186039   -0.22356594   -0.16510574   -0.20686295   -0.07440833   -0.09608782   -0.00098548   -0.13819309   -0.19347338   -0.09498049   -0.36180340
    0.00000663    0.00520055    0.05398194    0.16245464   -0.15537626
      11   -0.15537626   -0.16245464    0.05398194    0.00520055   -0.00000000    0.36180340    0.09498049    0.19347338    0.02748168   -0.13543655   -0.09608782   -0.07440833    0.20686295    0.16510574   -0.22791272
   -0.28650234    0.09691469    0.01052872    0.01574401   -0.05865990   -0.05272601   -0.10901881   -0.05797181   -0.00221042   -0.00000000   -0.00000000    0.00221042   -0.05797181    0.10901881   -0.06581649
   -0.26395669    0.14346065   -0.00709001    0.22567113   -0.02240547    0.06272452   -0.16510574   -0.20686295   -0.07440833   -0.09608782    0.00098548    0.13819309   -0.19347338   -0.09498049    0.36180340
   -0.00000663    0.00520055    0.05398194    0.16245464   -0.15537626
      12    0.21853525    0.22418787   -0.00714092    0.06867478   -0.00000000   -0.27241544   -0.13401716   -0.10914518    0.01100494   -0.05423510   -0.15011923   -0.15485512   -0.04139713    0.06831040    0.08130021
    0.15703338   -0.15388372    0.14735020    0.00355171    0.34710162    0.05335137   -0.08324838   -0.03573131    0.07898549   -0.00000266    0.21320072    0.07898549    0.03573131   -0.08324838   -0.05605728
   -0.28319889    0.02810729   -0.00591360    0.16426108    0.14494081   -0.26046389    0.06831040   -0.04139713    0.15485512    0.15011923   -0.00039463   -0.05533895   -0.10914518   -0.13401716    0.27241544
   -0.00000499   -0.06867478    0.00714092    0.22418787   -0.21853525
      13   -0.23787067   -0.24837192    0.09374114    0.04218605   -0.00000000   -0.00000000    0.06240460    0.09518419    0.00000000    0.00000000    0.30501902    0.31086201    0.05928764   -0.12608718    0.00000000
   -0.00000000   -0.00000000   -0.00000000   -0.00000000    0.00000000    0.00000000    0.28268821    0.25907722    0.04570652   -0.00000000    0.00000000   -0.04570652    0.25907722   -0.28268821   -0.00000000
   -0.00000000   -0.00000000   -0.00000000   -0.00000000   -0.00000000   -0.00000000    0.12608718   -0.05928764    0.31086201    0.30501902   -0.00000000   -0.00000000   -0.09518419   -0.06240460    0.00000000
    0.00000000    0.04218605    0.09374114    0.24837192   -0.23787067
      14    0.11237311    0.11976604   -0.10460043   -0.10815171    0.00000000   -0.23267056    0.03946929   -0.05751872   -0.06442406    0.31749781    0.08054118    0.06860149   -0.12155640   -0.18703633    0.00000000
   -0.00000000   -0.00000000   -0.00000000   -0.00000000   -0.00000000   -0.00000000    0.24747773    0.21482628    0.16485436    0.00000531   -0.42640143    0.16485436   -0.21482628    0.24747773    0.00000000
    0.00000000   -0.00000000    0.00000000    0.00000000    0.00000000    0.00000000   -0.18703633   -0.12155640   -0.06860149   -0.08054118    0.00231022    0.32395984   -0.05751872    0.03946929    0.23267056
   -0.00000426    0.10815171    0.10460043    0.11976604   -0.11237311
      15    0.11237311    0.11976604   -0.10460043   -0.10815171    0.00000000    0.23267056    0.03946929   -0.05751872    0.06442406   -0.31749781    0.08054118    0.06860149   -0.12155640   -0.18703633    0.00000000
   -0.00000000   -0.00000000   -0.00000000   -0.00000000    0.00000000   -0.00000000    0.24747773    0.21482628    0.16485436   -0.00000531    0.42640143    0.16485436   -0.21482628    0.24747773    0.00000000
   -0.00000000   -0.00000000    0.00000000    0.00000000    0.00000000    0.00000000   -0.18703633   -0.12155640   -0.06860149   -0.08054118   -0.00231022   -0.32395984   -0.05751872    0.03946929   -0.23267056
    0.00000426    0.10815171    0.10460043    0.11976604   -0.11237311
      16   -0.14436644   -0.15534910    0.18854495    0.23404797   -0.00000000    0.13819660   -0.17457099   -0.09419958    0.07194796   -0.35457748   -0.02674235   -0.03019159   -0.02536776    0.05578645    0.22791272
    0.28650234   -0.09691469   -0.01052872   -0.01574401    0.05865990    0.05272601   -0.10658839   -0.09161287   -0.01457438    0.00000000    0.00000000    0.01457438   -0.09161287    0.10658839    0.06581649
    0.26395669   -0.14346065    0.00709001   -0.22567113    0.02240547   -0.06272452   -0.05578645    0.02536776   -0.03019159   -0.02674235    0.00258003    0.36179420    0.09419958    0.17457099    0.13819660
   -0.00000253    0.23404797    0.18854495    0.15534910   -0.14436644
      17    0.19742291    0.21068857   -0.20306667   -0.23067172    0.00000000    0.00000000    0.14219437    0.05400828    0.00000000   -0.00000000   -0.16493400   -0.16427567   -0.00572778    0.01228969   -0.03805535
   -0.29365645   -0.11956706    0.16464623   -0.00484855   -0.26449689   -0.03051067   -0.07978645   -0.10893421   -0.16262464    0.00000000    0.00000000   -0.16262464    0.10893421   -0.07978645    0.09833383
    0.16546148    0.04059627    0.00978499   -0.26587227    0.25426585    0.16084142    0.01228969   -0.00572778    0.16427567    0.16493400   -0.00000000   -0.00000000    0.05400828    0.14219437    0.00000000
    0.00000000    0.23067172    0.20306667    0.21068857   -0.19742291
      18   -0.14436644   -0.15534910    0.18854495    0.23404797   -0.00000000   -0.13819660   -0.17457099   -0.09419958   -0.07194796    0.35457748   -0.02674235   -0.03019159   -0.02536776    0.05578645   -0.18985737
    0.00715411    0.21648175   -0.15411751    0.02059256    0.20583699   -0.02221535   -0.10658839   -0.09161287   -0.01457438    0.00000000   -0.00000000    0.01457438   -0.09161287    0.10658839    0.03251734
   -0.09849521    0.18405692    0.00269498   -0.04020114    0.23186039    0.22356594   -0.05578645    0.02536776   -0.03019159   -0.02674235   -0.00258003   -0.36179420    0.09419958    0.17457099   -0.13819660
    0.00000253    0.23404797    0.18854495    0.15534910   -0.14436644
      19   -0.05644871   -0.06163101    0.11169986    0.16176733   -0.00000000    0.00000000   -0.16896630   -0.19246704   -0.00000000   -0.00000000   -0.16415942   -0.18587833   -0.22123268   -0.18435399   -0.03805535
   -0.29365645   -0.11956706    0.16464623   -0.00484855   -0.26449689   -0.03051067    0.17178124    0.12092840    0.01465031   -0.00000000   -0.00000000   -0.01465031    0.12092840   -0.17178124   -0.09833383
   -0.16546148   -0.04059627   -0.00978499    0.26587227   -0.25426585   -0.16084142    0.18435399    0.22123268   -0.18587833   -0.16415942   -0.00000000    0.00000000    0.19246704    0.16896630   -0.00000000
    0.00000000    0.16176733    0.11169986    0.06163101   -0.05644871
      20    0.07528531    0.08177012   -0.12949383   -0.17892733    0.00000000   -0.06430856    0.17036171    0.16609316   -0.04661769    0.22974357    0.12517652    0.14170871    0.16516064    0.10886216   -0.18985737
    0.00715411    0.21648175   -0.15411751    0.02059256    0.20583699   -0.02221535   -0.07482950   -0.04210154   -0.00074582   -0.00000531    0.42640143   -0.00074582    0.04210154   -0.07482950   -0.03251734
    0.09849521   -0.18405692   -0.00269498    0.04020114   -0.23186039   -0.22356594    0.10886216    0.16516064   -0.14170871   -0.12517652    0.00167169    0.23441955    0.16609316    0.17036171    0.06430856
   -0.00000118    0.17892733    0.12949383    0.08177012   -0.07528531
      21    0.07528531    0.08177012   -0.12949383   -0.17892733    0.00000000    0.06430856    0.17036171    0.16609316    0.04661769   -0.22974357    0.12517652    0.14170871    0.16516064    0.10886216    0.22791272
    0.28650234   -0.09691469   -0.01052872   -0.01574401    0.05865990    0.05272601   -0.07482950   -0.04210154   -0.00074582    0.00000531   -0.42640143   -0.00074582    0.04210154   -0.07482950   -0.06581649
   -0.26395669    0.14346065   -0.00709001    0.22567113   -0.02240547    0.06272452    0.10886216    0.16516064   -0.14170871   -0.12517652   -0.00167169   -0.23441955    0.16609316    0.17036171   -0.06430856
    0.00000118    0.17892733    0.12949383    0.08177012   -0.07528531
      22    0.19099441    0.16896477    0.24483119    0.25180209   -0.00000000    0.00000000    0.01227725    0.27928205    0.00000000    0.00000000   -0.02038806    0.00424246    0.21700589   -0.09183321    0.00000000
   -0.00000000   -0.00000000   -0.00000000   -0.00000000    0.00000000   -0.00000000    0.24965649    0.12733672   -0.31460241    0.00000000    0.00000000   -0.31460241   -0.12733672    0.24965649    0.00000000
    0.00000000    0.00000000    0.00000000    0.00000000    0.00000000    0.00000000   -0.09183321    0.21700589   -0.00424246    0.02038806   -0.00000000    0.00000000    0.27928205    0.01227725    0.00000000
   -0.00000000   -0.25180209   -0.24483119    0.16896477   -0.19099441
      23   -0.13011339   -0.08022548   -0.30533414   -0.15841372    0.00000000   -0.00000000   -0.25048286   -0.28146437    0.00000000    0.00000000   -0.00892638   -0.00579106    0.08467123    0.34784411   -0.00000000
    0.00000000    0.00000000    0.00000000    0.00000000   -0.00000000    0.00000000   -0.01522165    0.26378578    0.13510769    0.00000000   -0.00000000   -0.13510769    0.26378578    0.01522165   -0.00000000
   -0.00000000   -0.00000000    0.00000000   -0.00000000   -0.00000000    0.00000000   -0.34784411   -0.08467123   -0.00579106   -0.00892638    0.00000000   -0.00000000    0.28146437    0.25048286    0.00000000
   -0.00000000   -0.15841372   -0.30533414    0.08022548   -0.13011339
      24    0.07803425    0.02195830    0.23155877    0.04931693   -0.00000000    0.00000000    0.24641285    0.10325411   -0.00000000   -0.00000000    0.01700067    0.00229372   -0.17171402   -0.15948746    0.10633554
    0.00357756    0.33910913    0.27492074   -0.04918209   -0.02501687    0.21227063   -0.11819755   -0.15550608    0.15042315   -0.00000000   -0.00000000    0.15042315    0.15550608   -0.11819755    0.19012706
   -0.21967778    0.15754710    0.01747763   -0.29702424   -0.21020819   -0.08975487   -0.15948746   -0.17171402   -0.00229372   -0.01700067    0.00000000    0.00000000    0.10325411    0.24641285    0.00000000
   -0.00000000   -0.04931693   -0.23155877    0.02195830   -0.07803425
      25   -0.07803425    0.02195830   -0.23155877    0.04931693   -0.00000000   -0.00000000   -0.24641285    0.10325411    0.00000000    0.00000000   -0.01700067    0.00229372    0.17171402   -0.15948746   -0.10633554
   -0.00357756   -0.33910913   -0.27492074    0.04918209    0.02501687   -0.21227063    0.11819755   -0.15550608   -0.15042315   -0.00000000   -0.00000000    0.15042315   -0.15550608   -0.11819755    0.19012706
   -0.21967778    0.15754710    0.01747763   -0.29702424   -0.21020819   -0.08975487    0.15948746   -0.17171402    0.00229372   -0.01700067    0.00000000    0.00000000   -0.10325411    0.24641285    0.00000000
    0.00000000    0.04931693   -0.23155877   -0.02195830   -0.07803425
      26   -0.07803425    0.02195830   -0.23155877    0.04931693   -0.00000000    0.00000000   -0.24641285    0.10325411    0.00000000    0.00000000   -0.01700067    0.00229372    0.17171402   -0.15948746    0.10633554
    0.00357756    0.33910913    0.27492074   -0.04918209   -0.02501687    0.21227063    0.11819755   -0.15550608   -0.15042315   -0.00000000    0.00000000    0.15042315   -0.15550608   -0.11819755   -0.19012706
    0.21967778   -0.15754710   -0.01747763    0.29702424    0.21020819    0.08975487    0.15948746   -0.17171402    0.00229372   -0.01700067    0.00000000   -0.00000000   -0.10325411    0.24641285   -0.00000000
    0.00000000    0.04931693   -0.23155877   -0.02195830   -0.07803425
      27    0.07803425    0.02195830    0.23155877    0.04931693   -0.00000000    0.00000000    0.24641285    0.10325411   -0.00000000   -0.00000000    0.01700067    0.00229372   -0.17171402   -0.15948746   -0.10633554
   -0.00357756   -0.33910913   -0.27492074    0.04918209    0.02501687   -0.21227063   -0.11819755   -0.15550608    0.15042315    0.00000000    0.00000000    0.15042315    0.15550608   -0.11819755   -0.19012706
    0.21967778   -0.15754710   -0.01747763    0.29702424    0.21020819    0.08975487   -0.15948746   -0.17171402   -0.00229372   -0.01700067    0.00000000   -0.00000000    0.10325411    0.24641285   -0.00000000
   -0.00000000   -0.04931693   -0.23155877    0.02195830   -0.07803425
      28    0.13011339   -0.08022548    0.30533414   -0.15841372    0.00000000    0.00000000    0.25048286   -0.28146437   -0.00000000   -0.00000000    0.00892638   -0.00579106   -0.08467123    0.34784411   -0.00000000
    0.00000000    0.00000000    0.00000000    0.00000000   -0.00000000   -0.00000000    0.01522165    0.26378578   -0.13510769   -0.00000000    0.00000000   -0.13510769   -0.26378578    0.01522165    0.00000000
    0.00000000    0.00000000   -0.00000000    0.00000000    0.00000000   -0.00000000    0.34784411   -0.08467123    0.00579106   -0.00892638    0.00000000   -0.00000000   -0.28146437    0.25048286    0.00000000
    0.00000000    0.15841372   -0.30533414   -0.08022548   -0.13011339
      29   -0.09639765    0.09526942   -0.06643192    0.12041917   -0.20810688    0.00000000    0.10584982    0.00293970    0.28397867    0.05762263   -0.13999129    0.15112926   -0.12949129    0.16488286    0.01220751
    0.00000000   -0.00000000   -0.00108455    0.37813807   -0.01867245    0.08070154    0.07829144    0.03110135   -0.24086431    0.21320072    0.00000266    0.24086431    0.03110135   -0.07829144   -0.03454363
   -0.00050987    0.00041581    0.38575240    0.00117879    0.00000017    0.00001909   -0.16488286    0.12949129    0.15112926   -0.13999129   -0.28975849    0.00206633   -0.00293970   -0.10584982   -0.00000381
   -0.20810688    0.12041917   -0.06643192   -0.09526942   -0.09639765
      30    0.06745853   -0.06873656    0.02286315   -0.06708009    0.22360680   -0.00000000   -0.10058518    0.09520592   -0.21914093   -0.04446629    0.23350489   -0.23009507   -0.01099803   -0.07503470    0.24798285
   -0.18200111    0.06654725   -0.07435304   -0.23051789    0.11398781   -0.17114752   -0.16935081    0.15456947   -0.02701427   -0.00000000   -0.00000000   -0.02701427   -0.15456947   -0.16935081   -0.03475430
    0.17799264    0.28448727    0.25587260    0.06017540   -0.01242142   -0.13012147   -0.07503470   -0.01099803    0.23009507   -0.23350489   -0.22360111    0.00159454    0.09520592   -0.10058518   -0.00000410
   -0.22360680    0.06708009   -0.02286315   -0.06873656   -0.06745853
      31   -0.08354044    0.08712564    0.01342135    0.02797249   -0.27241544   -0.00000000    0.09698191   -0.16725930    0.05423510    0.01100494   -0.21611779    0.19970749    0.14591239   -0.07626597   -0.26019035
    0.18200111   -0.06654725    0.07543759   -0.14762018   -0.09531535    0.09044598    0.06925014   -0.13872889    0.24361479   -0.21320072   -0.00000266   -0.24361479   -0.13872889   -0.06925014   -0.00021067
    0.17850251    0.28407145   -0.12987980    0.05899661   -0.01242159   -0.13014055    0.07626597   -0.14591239    0.19970749   -0.21611779   -0.05533895    0.00039463    0.16725930   -0.09698191   -0.00000499
   -0.27241544    0.02797249    0.01342135   -0.08712564   -0.08354044
      32    0.18967142   -0.18406447    0.13116612   -0.19930598   -0.22360680   -0.00000000   -0.11286279   -0.10027967    0.21914093    0.04446629   -0.02000971   -0.00033881    0.20434076   -0.11969398    0.26019035
   -0.18200111    0.06654725   -0.07543759    0.14762018    0.09531535   -0.09044598    0.10114186   -0.17622551    0.05153808    0.00000000   -0.00000000    0.05153808    0.17622551    0.10114186   -0.00021067
    0.17850251    0.28407145   -0.12987980    0.05899661   -0.01242159   -0.13014055   -0.11969398    0.20434076    0.00033881    0.02000971    0.22360111   -0.00159454   -0.10027967   -0.11286279    0.00000410
    0.22360680    0.19930598   -0.13116612   -0.18406447   -0.18967142
      33   -0.19099441    0.16896477   -0.24483119    0.25180209   -0.00000000   -0.00000000   -0.01227725    0.27928205   -0.00000000   -0.00000000    0.02038806    0.00424246   -0.21700589   -0.09183321   -0.00000000
    0.00000000    0.00000000    0.00000000    0.00000000   -0.00000000    0.00000000   -0.24965649    0.12733672    0.31460241    0.00000000   -0.00000000   -0.31460241    0.12733672    0.24965649    0.00000000
    0.00000000   -0.00000000    0.00000000    0.00000000    0.00000000    0.00000000    0.09183321    0.21700589    0.00424246    0.02038806   -0.00000000   -0.00000000   -0.27928205    0.01227725    0.00000000
    0.00000000    0.25180209   -0.24483119   -0.16896477   -0.19099441
      34    0.18967142   -0.18406447    0.13116612   -0.19930598    0.22360680    0.00000000   -0.11286279   -0.10027967   -0.21914093   -0.04446629   -0.02000971   -0.00033881    0.20434076   -0.11969398   -0.26019035
    0.18200111   -0.06654725    0.07543759   -0.14762018   -0.09531535    0.09044598    0.10114186   -0.17622551    0.05153808   -0.00000000    0.00000000    0.05153808    0.17622551    0.10114186    0.00021067
   -0.17850251   -0.28407145    0.12987980   -0.05899661    0.01242159    0.13014055   -0.11969398    0.20434076    0.00033881    0.02000971   -0.22360111    0.00159454   -0.10027967   -0.11286279   -0.00000410
   -0.22360680    0.19930598   -0.13116612   -0.18406447   -0.18967142
      35   -0.08354044    0.08712564    0.01342135    0.02797249    0.27241544   -0.00000000    0.09698191   -0.16725930   -0.05423510   -0.01100494   -0.21611779    0.19970749    0.14591239   -0.07626597    0.26019035
   -0.18200111    0.06654725   -0.07543759    0.14762018    0.09531535   -0.09044598    0.06925014   -0.13872889    0.24361479    0.21320072    0.00000266   -0.24361479   -0.13872889   -0.06925014    0.00021067
   -0.17850251   -0.28407145    0.12987980   -0.05899661    0.01242159    0.13014055    0.07626597   -0.14591239    0.19970749   -0.21611779    0.05533895   -0.00039463    0.16725930   -0.09698191    0.00000499
    0.27241544    0.02797249    0.01342135   -0.08712564   -0.08354044
      36    0.06745853   -0.06873656    0.02286315   -0.06708009   -0.22360680    0.00000000   -0.10058518    0.09520592    0.21914093    0.04446629    0.23350489   -0.23009507   -0.01099803   -0.07503470   -0.16974433
    0.02649577   -0.12347439   -0.08856947   -0.07672505   -0.04597199    0.37335533   -0.16935081    0.15456947   -0.02701427    0.00000000    0.00000000   -0.02701427   -0.15456947   -0.16935081    0.32408829
   -0.10505927   -0.24766402    0.02882337    0.10520572    0.02861300    0.09936865   -0.07503470   -0.01099803    0.23009507   -0.23350489    0.22360111   -0.00159454    0.09520592   -0.10058518    0.00000410
    0.22360680    0.06708009   -0.02286315   -0.06873656   -0.06745853
      37   -0.09639765    0.09526942   -0.06643192    0.12041917    0.20810688    0.00000000    0.10584982    0.00293970   -0.28397867   -0.05762263   -0.13999129    0.15112926   -0.12949129    0.16488286   -0.09044602
    0.15550534    0.05692714    0.16400706   -0.07089513   -0.04934337   -0.28290935    0.07829144    0.03110135   -0.24086431   -0.21320072   -0.00000266    0.24086431    0.03110135   -0.07829144    0.32387762
    0.07344323    0.03640743   -0.10105643    0.16420233    0.01619141   -0.03077191   -0.16488286    0.12949129    0.15112926   -0.13999129    0.28975849   -0.00206633   -0.00293970   -0.10584982    0.00000381
    0.20810688    0.12041917   -0.06643192   -0.09526942   -0.09639765
      38   -0.21853525    0.22418787    0.00714092    0.06867478    0.27241544   -0.00000000    0.13401716   -0.10914518   -0.05423510   -0.01100494    0.15011923   -0.15485512    0.04139713    0.06831040   -0.16974433
    0.02649577   -0.12347439   -0.08856947   -0.07672505   -0.04597199    0.37335533    0.08324838   -0.03573131   -0.07898549    0.21320072    0.00000266    0.07898549   -0.03573131   -0.08324838   -0.32408829
    0.10505927    0.24766402   -0.02882337   -0.10520572   -0.02861300   -0.09936865   -0.06831040   -0.04139713   -0.15485512    0.15011923    0.05533895   -0.00039463    0.10914518   -0.13401716    0.00000499
    0.27241544    0.06867478    0.00714092   -0.22418787   -0.21853525
      39    0.23787067   -0.24837192   -0.09374114    0.04218605    0.00000000   -0.00000000   -0.06240460    0.09518419   -0.00000000    0.00000000   -0.30501902    0.31086201   -0.05928764   -0.12608718   -0.00000000
    0.00000000    0.00000000    0.00000000    0.00000000   -0.00000000    0.00000000   -0.28268821    0.25907722   -0.04570652    0.00000000    0.00000000   -0.04570652   -0.25907722   -0.28268821   -0.00000000
   -0.00000000    0.00000000   -0.00000000   -0.00000000   -0.00000000   -0.00000000   -0.12608718   -0.05928764   -0.31086201    0.30501902    0.00000000    0.00000000    0.09518419   -0.06240460    0.00000000
   -0.00000000   -0.04218605    0.09374114   -0.24837192   -0.23787067
      40   -0.21853525    0.22418787    0.00714092    0.06867478   -0.27241544    0.00000000    0.13401716   -0.10914518    0.05423510    0.01100494    0.15011923   -0.15485512    0.04139713    0.06831040    0.24798285
   -0.18200111    0.06654725   -0.07435304   -0.23051789    0.11398781   -0.17114752    0.08324838   -0.03573131   -0.07898549   -0.21320072   -0.00000266    0.07898549   -0.03573131   -0.08324838    0.03475430
   -0.17799264   -0.28448727   -0.25587260   -0.06017540    0.01242142    0.13012147   -0.06831040   -0.04139713   -0.15485512    0.15011923   -0.05533895    0.00039463    0.10914518   -0.13401716   -0.00000499
   -0.27241544    0.06867478    0.00714092   -0.22418787   -0.21853525
      41    0.15537626   -0.16245464   -0.05398194    0.00520055    0.36180340    0.00000000   -0.09498049    0.19347338    0.13543655    0.02748168    0.09608782   -0.07440833   -0.20686295    0.16510574    0.01220751
   -0.00000000   -0.00000000   -0.00108455    0.37813807   -0.01867245    0.08070154    0.10901881   -0.05797181    0.00221042    0.00000000   -0.00000000    0.00221042    0.05797181    0.10901881    0.03454363
    0.00050987   -0.00041581   -0.38575240   -0.00117879   -0.00000017   -0.00001909    0.16510574   -0.20686295    0.07440833   -0.09608782    0.13819309   -0.00098548    0.19347338   -0.09498049   -0.00000663
   -0.36180340   -0.00520055    0.05398194   -0.16245464   -0.15537626
      42    0.15537626   -0.16245464   -0.05398194    0.00520055   -0.36180340    0.00000000   -0.09498049    0.19347338   -0.13543655   -0.02748168    0.09608782   -0.07440833   -0.20686295    0.16510574   -0.09044602
    0.15550534    0.05692714    0.16400706   -0.07089513   -0.04934337   -0.28290935    0.10901881   -0.05797181    0.00221042    0.00000000   -0.00000000    0.00221042    0.05797181    0.10901881   -0.32387762
   -0.07344323   -0.03640743    0.10105643   -0.16420233   -0.01619141    0.03077191    0.16510574   -0.20686295    0.07440833   -0.09608782   -0.13819309    0.00098548    0.19347338   -0.09498049    0.00000663
    0.36180340   -0.00520055    0.05398194   -0.16245464   -0.15537626
      43   -0.11237311    0.11976604    0.10460043   -0.10815171   -0.23267056   -0.00000000   -0.03946929   -0.05751872   -0.31749781   -0.06442406   -0.08054118    0.06860149    0.12155640   -0.18703633   -0.00000000
    0.00000000    0.00000000    0.00000000   -0.00000000    0.00000000   -0.00000000   -0.24747773    0.21482628   -0.16485436    0.42640143    0.00000531    0.16485436    0.21482628    0.24747773    0.00000000
   -0.00000000   -0.00000000    0.00000000    0.00000000   -0.00000000    0.00000000    0.18703633   -0.12155640    0.06860149   -0.08054118    0.32395984   -0.00231022    0.05751872    0.03946929   -0.00000426
   -0.23267056   -0.10815171    0.10460043   -0.11976604   -0.11237311
      44   -0.11237311    0.11976604    0.10460043   -0.10815171    0.23267056   -0.00000000   -0.03946929   -0.05751872    0.31749781    0.06442406   -0.08054118    0.06860149    0.12155640   -0.18703633   -0.00000000
    0.00000000    0.00000000    0.00000000   -0.00000000   -0.00000000    0.00000000   -0.24747773    0.21482628   -0.16485436   -0.42640143   -0.00000531    0.16485436    0.21482628    0.24747773    0.00000000
   -0.00000000   -0.00000000   -0.00000000    0.00000000    0.00000000    0.00000000    0.18703633   -0.12155640    0.06860149   -0.08054118   -0.32395984    0.00231022    0.05751872    0.03946929    0.00000426
    0.23267056   -0.10815171    0.10460043   -0.11976604   -0.11237311
      45    0.14436644   -0.15534910   -0.18854495    0.23404797   -0.13819660   -0.00000000    0.17457099   -0.09419958   -0.35457748   -0.07194796    0.02674235   -0.03019159    0.02536776    0.05578645    0.09044602
   -0.15550534   -0.05692714   -0.16400706    0.07089513    0.04934337    0.28290935    0.10658839   -0.09161287    0.01457438    0.00000000    0.00000000    0.01457438    0.09161287    0.10658839    0.32387762
    0.07344323    0.03640743   -0.10105643    0.16420233    0.01619141   -0.03077191    0.05578645    0.02536776    0.03019159   -0.02674235   -0.36179420    0.00258003   -0.09419958    0.17457099    0.00000253
    0.13819660   -0.23404797    0.18854495   -0.15534910   -0.14436644
      46   -0.19742291    0.21068857    0.20306667   -0.23067172    0.00000000    0.00000000   -0.14219437    0.05400828    0.00000000   -0.00000000    0.16493400   -0.16427567    0.00572778    0.01228969   -0.07823852
    0.15550534    0.05692714    0.16292251    0.30724294   -0.06801582   -0.20220781    0.07978645   -0.10893421    0.16262464    0.00000000   -0.00000000   -0.16262464   -0.10893421   -0.07978645    0.28933399
    0.07293336    0.03682324    0.28469597    0.16538112    0.01619158   -0.03075282   -0.01228969   -0.00572778   -0.16427567    0.16493400    0.00000000    0.00000000   -0.05400828    0.14219437   -0.00000000
   -0.00000000   -0.23067172    0.20306667   -0.21068857   -0.19742291
      47    0.14436644   -0.15534910   -0.18854495    0.23404797    0.13819660    0.00000000    0.17457099   -0.09419958    0.35457748    0.07194796    0.02674235   -0.03019159    0.02536776    0.05578645   -0.01220751
   -0.00000000   -0.00000000    0.00108455   -0.37813807    0.01867245   -0.08070154    0.10658839   -0.09161287    0.01457438   -0.00000000   -0.00000000    0.01457438    0.09161287    0.10658839   -0.03454363
   -0.00050987    0.00041581    0.38575240    0.00117879    0.00000017    0.00001909    0.05578645    0.02536776    0.03019159   -0.02674235    0.36179420   -0.00258003   -0.09419958    0.17457099   -0.00000253
   -0.13819660   -0.23404797    0.18854495   -0.15534910   -0.14436644
      48   -0.07528531    0.08177012    0.12949383   -0.17892733   -0.06430856   -0.00000000   -0.17036171    0.16609316   -0.22974357   -0.04661769   -0.12517652    0.14170871   -0.16516064    0.10886216    0.09044602
   -0.15550534   -0.05692714   -0.16400706    0.07089513    0.04934337    0.28290935    0.07482950   -0.04210154    0.00074582   -0.42640143   -0.00000531   -0.00074582   -0.04210154   -0.07482950   -0.32387762
   -0.07344323   -0.03640743    0.10105643   -0.16420233   -0.01619141    0.03077191   -0.10886216    0.16516064    0.14170871   -0.12517652    0.23441955   -0.00167169   -0.16609316    0.17036171   -0.00000118
   -0.06430856   -0.17892733    0.12949383   -0.08177012   -0.07528531
      49    0.05644871   -0.06163101   -0.11169986    0.16176733   -0.00000000    0.00000000    0.16896630   -0.19246704    0.00000000   -0.00000000    0.16415942   -0.18587833    0.22123268   -0.18435399   -0.07823852
    0.15550534    0.05692714    0.16292251    0.30724294   -0.06801582   -0.20220781   -0.17178124    0.12092840   -0.01465031    0.00000000   -0.00000000   -0.01465031   -0.12092840   -0.17178124   -0.28933399
   -0.07293336   -0.03682324   -0.28469597   -0.16538112   -0.01619158    0.03075282   -0.18435399    0.22123268    0.18587833   -0.16415942   -0.00000000   -0.00000000   -0.19246704    0.16896630    0.00000000
   -0.00000000   -0.16176733    0.11169986   -0.06163101   -0.05644871
      50   -0.07528531    0.08177012    0.12949383   -0.17892733    0.06430856   -0.00000000   -0.17036171    0.16609316    0.22974357    0.04661769   -0.12517652    0.14170871   -0.16516064    0.10886216   -0.01220751
   -0.00000000    0.00000000    0.00108455   -0.37813807    0.01867245   -0.08070154    0.07482950   -0.04210154    0.00074582    0.42640143    0.00000531   -0.00074582   -0.04210154   -0.07482950    0.03454363
    0.00050987   -0.00041581   -0.38575240   -0.00117879   -0.00000017   -0.00001909   -0.10886216    0.16516064    0.14170871   -0.12517652   -0.23441955    0.00167169   -0.16609316    0.17036171    0.00000118
    0.06430856   -0.17892733    0.12949383   -0.08177012   -0.07528531
